7254.10904046566
8011.555533502333
8106.995666034408
7956.087169714203
7472.901768190041
7790.65649225786
7457.350447797162
7964.339647136547
7454.82985043677
8136.852574312435
8329.713604507007
8303.36677647778
7940.899469646751
8405.52171005019
8562.24217395885
8480.228774453859
7912.21881131847
8397.959602935656
8549.91424
8483.20422145969
7961.182173942757
8276.893789747275
8700.941407815411
8371.828146617532
8162.347550896747
8223.180827385899
8618.361938983006
8559.76115863322
8032.967094846666
7965.599543126442
8285.584788368094
8396.217001043977
7582.711303462428
7120.31378013597
7456.6719807520085
7343.948424065105
7401.875509336597
6999.397972885366
7510.59656146102
7600.4554244728115
7594.7849887702905
7345.222715808032
8101.528554885955
8549.02777119532
8048.7521738213245
8108.711081081576
8404.069469059927
8274.984755790121
8483.140331664601
7769.539298501683
8348.390866843343
8668.654665759821
8779.167534664632
8053.982508300762
8197.670213917607
8428.725628451746
8713.907617487957
8099.437999598608
7902.027827172082
8394.07383757812
